task,depth,top_k,partial,answer,correct
0,4096,CSQYH;GTRHR;KUDFX;JGUQD;OREQD,4,"Based on the chain of variable assignments hidden in the text, here is the tracking of the value 54179:

1.  **VAR CSQYH** is explicitly assigned the value **54179**.
2.  **VAR GTRHR** is assigned the value of **VAR CSQYH**, which is **54179**.
3.  **VAR KUDFX** is assigned the value of **VAR GTRHR**, which is **54179**.
4.  **VAR JGUQD** is assigned the value of **VAR",0
